4294967278,31
4294967279,32
4294967279,31
4294967279,249
4294967279,389
12,4
12,3
12,2
12,1
4294967279,247
4294967294,1913
4294967294,1623
4294967294,1577
4294967294,1163
4294967278,341
4294967278,30
4294967279,386
4294967279,397
4294967279,242
4294967279,30
4294967279,240
4294967279,238
11,4
4294967279,237
11,3
11,2
11,1
4294967279,235
4294967278,234
4294967278,29
4294967279,29
10,4
10,3
10,2
10,1
4294967294,90
4294967294,92
4294967279,211
4294967278,212
4294967294,73
4294967294,1617
4294967294,22
4294967294,1416
4294967294,505
4294967279,28
4294967279,27
4294967278,209
4294967294,49
4294967294,476
4294967294,100
4294967294,102
4294967294,480
4294967294,66
4294967279,201
4294967278,202
4294967294,10
4294967294,1604
4294967294,1603
4294967294,1602
4294967294,1601
4294967294,1600
4294967294,1563
4294967294,1562
4294967294,1560
4294967294,1559
4294967294,1558
4294967294,1557
4294967294,1556
4294967294,1555
4294967294,1554
4294967294,1553
4294967294,1552
4294967294,1551
4294967294,1550
4294967294,1549
4294967294,1548
4294967294,1547
4294967278,26
4294967279,192
9,4
9,3
9,2
9,1
4294967279,190
4294967279,188
8,4
4294967278,189
8,3
8,2
8,1
4294967279,187
7,4
7,3
7,2
7,1
4294967278,185
4294967294,1164
4294967294,1912
6,4
6,3
6,2
6,1
4294967294,2019
4294967294,785
4294967294,784
5,4
4294967279,177
5,3
5,2
5,1
4294967294,1418
4,4
4,3
4,2
4,1
4294967279,171
4294967279,170
4294967294,1911
4294967294,2
4294967279,169
4294967279,166
4294967279,165
3,7
4294967279,164
3,6
3,5
4294967279,163
3,4
3,3
3,2
3,1
4294967279,162
4294967294,5
4294967279,161
4294967294,474
4294967279,160
4294967294,7
4294967294,6
4294967294,91
4294967294,93
4294967279,159
2,4
4294967278,160
2,3
2,2
2,1
4294967279,158
0,7
4294967294,1921
4294967294,44
4294967294,446
4294967294,43
4294967294,1969
4294967294,52
4294967294,1989
4294967294,1146
4294967294,35
4294967294,38
4294967294,414
4294967294,1618
4294967294,1619
4294967294,1613
4294967294,1561
4294967294,79
4294967294,111
4294967294,112
4294967294,1468
4294967294,1408
4294967294,1621
4294967294,1620
4294967293,131
4294967293,130
4294967293,129
4294967293,128
4294967293,127
4294967293,126
4294967293,125
4294967293,124
4294967293,123
4294967293,122
4294967293,121
4294967293,120
4294967293,119
4294967293,118
4294967293,117
4294967293,116
4294967293,115
4294967293,114
4294967293,113
4294967293,112
4294967293,111
4294967293,110
4294967293,109
4294967293,108
4294967293,107
4294967293,106
4294967293,105
4294967293,104
4294967293,103
4294967293,102
4294967293,101
4294967293,100
4294967293,99
4294967293,98
4294967293,97
4294967293,96
4294967293,95
4294967293,94
4294967293,93
4294967293,92
4294967293,91
4294967293,90
4294967293,89
4294967293,87
4294967293,86
4294967293,85
4294967293,84
4294967293,83
4294967293,82
4294967293,81
4294967293,80
4294967293,79
4294967293,78
4294967293,77
4294967293,76
4294967293,75
4294967293,74
4294967293,73
4294967293,72
4294967293,71
4294967293,70
4294967293,69
4294967293,68
4294967293,67
4294967293,66
4294967293,65
4294967293,64
4294967293,63
4294967293,62
4294967293,61
4294967293,60
4294967293,59
4294967293,58
4294967293,57
4294967293,56
4294967293,55
4294967293,54
4294967293,53
4294967293,52
4294967293,51
4294967293,50
4294967293,49
4294967293,48
4294967293,47
4294967293,46
4294967293,45
4294967293,44
4294967293,43
4294967293,42
4294967293,41
4294967293,40
4294967293,39
4294967293,38
4294967293,37
4294967293,36
4294967293,35
4294967293,34
4294967293,33
4294967293,32
4294967293,31
4294967293,30
4294967293,29
4294967293,28
4294967293,27
4294967293,26
4294967293,25
4294967293,24
4294967293,23
4294967293,22
4294967293,21
4294967293,20
4294967293,19
4294967293,18
4294967293,17
4294967293,16
4294967293,15
4294967293,14
4294967293,13
4294967293,12
4294967293,11
4294967293,10
4294967293,9
4294967293,8
4294967293,7
4294967293,6
4294967293,5
4294967293,4
4294967293,3
4294967278,132
4294967278,131
4294967278,130
4294967278,129
4294967278,128
4294967278,127
4294967278,126
4294967278,125
4294967278,124
4294967278,123
4294967278,122
4294967278,121
4294967278,120
4294967278,119
4294967278,118
4294967278,117
4294967278,116
4294967278,115
4294967278,114
4294967278,113
4294967278,112
4294967278,109
4294967278,336
4294967278,338
4294967278,86
4294967278,335
4294967278,71
4294967278,337
4294967278,63
4294967278,62
4294967278,60
4294967278,59
4294967278,58
4294967278,57
4294967278,55
4294967278,54
4294967278,52
4294967278,51
4294967278,50
4294967278,49
4294967278,48
4294967278,47
4294967278,46
4294967278,45
4294967278,42
4294967278,41
4294967278,37
4294967278,35
4294967278,32
4294967278,540
4294967278,572
4294967278,137
4294967278,25
4294967278,21
4294967278,569
4294967278,20
4294967278,18
4294967278,17
4294967278,16
4294967278,14
4294967278,13
4294967278,11
4294967278,10
4294967278,9
4294967278,8
4294967278,7
4294967278,6
4294967278,88
4294967278,2
4294967278,342
4294967278,5
4294967278,4
4294967279,402
4294967279,404
4294967279,401
4294967279,33
4294967279,377
4294967279,21
4294967279,20
4294967279,18
4294967279,17
4294967279,16
4294967279,15
4294967279,14
4294967279,13
4294967279,11
4294967279,10
4294967279,174
4294967294,17
4294967294,41
4294967294,74
4294967294,40
4294967294,42
4294967294,1970
4294967294,50
4294967294,51
4294967294,1625
4294967294,18
4294967294,123
4294967294,14
4294967294,122
4294967294,20
4294967294,13
4294967294,12
4294967294,11
4294967294,24
4294967294,475
4294967294,1571
4294967294,65
4294967294,908
4294967294,1429
4294967294,103
4294967294,8
4294967294,9
4294967294,566
4294967278,333
4294967279,275
4294967279,403
4294967278,233
4294967294,1972
4294967294,1948
4294967294,3
4294967294,1
4294967294,1567
4294967294,1627
4294967294,1626
4294967294,1417
4294967294,1426
4294967294,1425
4294967294,1424
4294967294,1423
4294967294,1422
4294967294,1421
4294967294,1420
4294967294,1419
4294967294,1566
4294967294,2016
4294967294,1160
4294967294,2024
4294967294,1582
4294967294,909
4294967294,29
4294967294,1591
4294967294,26
1,0
4294967294,27
4294967294,28
4294967294,25
4294967294,742
4294967294,741
4294967294,740
4294967294,739
4294967294,737
4294967294,1583
4294967294,736
4294967294,735
4294967294,734
4294967294,733
4294967294,732
4294967294,731
4294967294,730
4294967294,728
4294967294,726
4294967294,719
4294967294,717
4294967294,715
4294967294,710
4294967294,707
4294967294,706
4294967294,556
4294967294,696
4294967294,694
4294967294,691
4294967294,688
4294967294,684
4294967294,683
4294967294,682
4294967294,738
4294967294,1888
4294967294,676
4294967294,675
4294967294,674
4294967294,673
4294967294,671
4294967294,670
4294967294,669
4294967294,668
4294967294,665
4294967294,502
4294967294,660
4294967294,658
4294967294,657
4294967294,654
4294967294,653
4294967294,651
4294967294,650
4294967294,649
4294967294,648
4294967294,647
4294967294,645
4294967294,644
4294967294,643
4294967294,641
4294967294,640
4294967294,639
4294967294,638
4294967294,637
4294967294,636
4294967294,634
4294967294,629
4294967294,627
4294967294,626
4294967294,624
4294967294,623
4294967294,621
4294967294,620
4294967294,617
4294967294,616
4294967294,613
4294967294,610
4294967294,608
4294967294,607
4294967294,1157
4294967294,604
4294967294,603
4294967294,600
4294967294,597
4294967294,595
4294967294,594
4294967294,593
4294967294,558
4294967294,591
4294967294,550
4294967294,548
4294967294,588
4294967294,586
4294967294,585
4294967294,583
4294967294,581
4294967294,579
4294967294,578
4294967294,319
4294967294,936
4294967294,317
4294967294,316
4294967294,314
4294967294,313
4294967294,311
4294967294,308
4294967294,307
4294967294,306
4294967294,304
4294967294,303
4294967294,301
4294967294,300
4294967294,299
4294967294,296
4294967294,291
4294967294,289
4294967294,288
4294967294,287
4294967294,286
4294967294,285
4294967294,284
4294967294,278
4294967294,277
4294967294,276
4294967294,275
4294967294,274
4294967294,272
4294967294,271
4294967294,268
4294967294,267
4294967294,264
4294967294,263
4294967294,262
4294967294,261
4294967294,258
4294967294,257
4294967294,256
4294967294,255
4294967294,254
4294967294,252
4294967294,251
4294967294,249
4294967294,248
4294967294,245
4294967294,244
4294967294,239
4294967294,238
4294967294,237
4294967294,234
4294967294,233
4294967294,231
4294967294,230
4294967294,229
4294967294,225
4294967294,223
4294967294,532
4294967294,213
4294967294,212
4294967294,209
4294967294,208
4294967294,207
4294967294,204
4294967294,203
4294967294,0
4294967294,201
4294967294,198
4294967294,197
4294967294,196
4294967294,195
4294967294,194
4294967294,447
4294967294,193
4294967294,527
4294967294,525
4294967294,522
4294967294,520
4294967294,517
4294967294,1155
4294967294,516
4294967294,515
4294967294,514
4294967294,512
4294967294,559
4294967294,155
4294967294,154
4294967294,519
4294967294,1564
4294967294,151
4294967294,150
4294967294,149
4294967294,533
4294967294,528
4294967294,146
4294967294,544
4294967294,142
4294967294,140
4294967294,555
4294967294,139
4294967294,542
4294967294,534
4294967294,529
4294967294,138
4294967294,543
4294967294,622
4294967294,531
4294967294,549
4294967294,619
4294967294,540
4294967294,1584
4294967294,1154
4294967294,1153
4294967294,1152
4294967294,1874
4294967294,1872
4294967294,1871
4294967294,1958
4294967294,1959
4294967294,1868
4294967294,128
4294967294,1867
4294967294,1928
4294967294,1920
4294967294,1973
4294967294,1967
4294967294,1966
4294967294,1950
4294967294,444
4294967294,1943
4294967294,1935
4294967294,1931
4294967294,1922
4294967294,134
4294967294,1435
4294967294,1866
4294967294,776
4294967294,386
4294967294,1865
4294967294,1953
4294967294,435
4294967294,1864
4294967294,1863
4294967294,1944
4294967294,1862
4294967294,1932
4294967294,1938
4294967294,1925
4294967294,1961
4294967294,1965
4294967294,1858
4294967294,1934
4294967294,1856
4294967294,1926
4294967294,454
4294967294,1957
4294967294,2021
4294967294,416
4294967294,1946
4294967294,390
4294967294,1941
4294967294,1589
4294967294,1939
4294967294,1940
4294967294,1936
4294967294,1930
4294967294,1598
4294967294,1597
4294967294,1596
4294967294,1592
4294967294,1937
4294967294,2025
4294967294,1786
4294967294,1785
4294967294,1784
4294967294,1783
4294967294,1782
4294967294,1780
4294967294,1779
4294967294,1778
4294967294,1777
4294967294,1776
4294967294,1775
4294967294,1774
4294967294,1773
4294967294,1772
4294967294,1771
4294967294,1781
4294967294,1770
4294967278,328
4294967279,396
4294967279,395
4294967278,327
4294967279,394
4294967279,393
4294967279,391
4294967278,332
4294967294,1543
4294967294,1542
4294967294,1540
4294967294,1610
4294967294,1609
4294967294,1611
4294967294,1607
4294967294,1539
4294967294,1537
4294967294,1536
4294967294,1471
4294967294,1606
4294967294,1605
4294967294,67
4294967294,37
